"bramblecanes" <-
structure(list(window = structure(list(type = "rectangle", xrange = c(0, 
1), yrange = c(0, 1)), .Names = c("type", "xrange", "yrange"), class = "owin"), 
    n = 823, x = c(0.677, 0.676, 0.681, 0.683, 0.776, 0.794, 
    0.944, 0.948, 0.983, 0.986, 0.989, 0.943, 0.946, 0.993, 0.993, 
    0.99, 0.986, 0.983, 0.929, 0.928, 0.95, 0.968, 0.792, 0.748, 
    0.746, 0.746, 0.732, 0.689, 0.681, 0.69, 0.697, 0.624, 0.632, 
    0.584, 0.461, 0.416, 0.399, 0.414, 0.416, 0.417, 0.22, 0.276, 
    0.25, 0.242, 0.076, 0.062, 0.073, 0.06, 0.06, 0.077, 0.254, 
    0.251, 0.749, 0.966, 0.838, 0.838, 0.187, 0.216, 0.36, 0.138, 
    0.384, 0.431, 0.436, 0.514, 0.516, 0.519, 0.52, 0.529, 0.648, 
    0.681, 0.683, 0.77, 0.814, 0.83, 0.824, 0.93, 0.926, 0.922, 
    0.972, 0.966, 0.661, 0.661, 0.664, 0.502, 0.513, 0.353, 0.358, 
    0.357, 0.352, 0.27, 0.268, 0.136, 0.036, 0.036, 0.124, 0.212, 
    0.246, 0.299, 0.301, 0.301, 0.303, 0.302, 0.331, 0.329, 0.331, 
    0.41, 0.408, 0.408, 0.413, 0.417, 0.54, 0.539, 0.538, 0.628, 
    0.679, 0.948, 0.808, 0.827, 0.821, 0.784, 0.759, 0.787, 0.759, 
    0.764, 0.736, 0.687, 0.71, 0.734, 0.348, 0.578, 0.584, 0.587, 
    0.575, 0.592, 0.549, 0.644, 0.65, 0.922, 0.924, 0.788, 0.81, 
    0.85, 0.869, 0.972, 0.971, 0.827, 0.823, 0.754, 0.752, 0.702, 
    0.699, 0.78, 0.792, 0.997, 0.997, 0.996, 0.259, 0.266, 0.967, 
    0.431, 0.427, 0.479, 0.491, 0.441, 0.361, 0.364, 0.372, 0.319, 
    0.249, 0.158, 0.242, 0.236, 0.228, 0.191, 0.978, 0.893, 0.896, 
    0.784, 0.859, 0.899, 0.884, 0.991, 0.973, 0.976, 0.93, 0.963, 
    0.963, 0.986, 0.994, 0.994, 0.976, 0.97, 0.946, 0.981, 0.917, 
    0.94, 0.93, 0.847, 0.863, 0.862, 0.604, 0.597, 0.522, 0.581, 
    0.611, 0.618, 0.703, 0.636, 0.518, 0.456, 0.458, 0.454, 0.458, 
    0.481, 0.496, 0.484, 0.483, 0.482, 0.551, 0.508, 0.728, 0.724, 
    0.66, 0.633, 0.657, 0.674, 0.662, 0.594, 0.556, 0.563, 0.567, 
    0.623, 0.632, 0.628, 0.623, 0.536, 0.481, 0.443, 0.438, 0.439, 
    0.639, 0.638, 0.637, 0.633, 0.638, 0.601, 0.573, 0.561, 0.56, 
    0.547, 0.542, 0.562, 0.502, 0.499, 0.498, 0.513, 0.514, 0.494, 
    0.366, 0.364, 0.396, 0.394, 0.259, 0.266, 0.207, 0.157, 0.956, 
    0.953, 0.926, 0.904, 0.907, 0.852, 0.841, 0.651, 0.648, 0.651, 
    0.582, 0.578, 0.627, 0.41, 0.49, 0.028, 0.076, 0.096, 0.106, 
    0.109, 0.123, 0.066, 0.071, 0.04, 0.026, 0.066, 0.117, 0.146, 
    0.152, 0.092, 0.148, 0.143, 0.156, 0.177, 0.157, 0.169, 0.174, 
    0.124, 0.169, 0.042, 0.037, 0.161, 0.147, 0.113, 0.172, 0.17, 
    0.189, 0.193, 0.181, 0.186, 0.122, 0.224, 0.23, 0.23, 0.216, 
    0.212, 0.247, 0.23, 0.221, 0.228, 0.228, 0.232, 0.232, 0.264, 
    0.243, 0.282, 0.268, 0.311, 0.254, 0.314, 0.274, 0.276, 0.276, 
    0.3, 0.303, 0.346, 0.352, 0.383, 0.356, 0.2, 0.39, 0.403, 
    0.396, 0.388, 0.371, 0.348, 0.36, 0.391, 0.292, 0.292, 0.303, 
    0.331, 0.37, 0.27, 0.306, 0.787, 0.81, 0.81, 0.817, 0.97, 
    0.937, 0.804, 0.934, 0.838, 0.811, 0.216, 0.36, 0.258, 0.116, 
    0.139, 0.15, 0.119, 0.408, 0.456, 0.462, 0.434, 0.513, 0.529, 
    0.567, 0.65, 0.651, 0.681, 0.772, 0.777, 0.838, 0.842, 0.928, 
    0.951, 0.999, 0.998, 0.941, 0.661, 0.661, 0.668, 0.668, 0.517, 
    0.511, 0.509, 0.356, 0.319, 0.251, 0.243, 0.241, 0.218, 0.269, 
    0.308, 0.322, 0.322, 0.318, 0.289, 0.138, 0.062, 0.04, 0.037, 
    0.129, 0.211, 0.246, 0.302, 0.33, 0.331, 0.407, 0.412, 0.411, 
    0.411, 0.456, 0.457, 0.541, 0.627, 0.637, 0.641, 0.63, 0.803, 
    0.833, 0.83, 0.788, 0.782, 0.802, 0.758, 0.738, 0.743, 0.751, 
    0.778, 0.76, 0.759, 0.736, 0.702, 0.687, 0.708, 0.576, 0.598, 
    0.548, 0.55, 0.706, 0.649, 0.919, 0.923, 0.786, 0.779, 0.764, 
    0.858, 0.979, 0.831, 0.847, 0.759, 0.697, 0.729, 0.731, 0.697, 
    0.781, 0.799, 0.796, 0.979, 0.967, 0.893, 0.879, 0.871, 0.978, 
    0.997, 0.974, 0.97, 0.432, 0.43, 0.441, 0.483, 0.429, 0.432, 
    0.364, 0.317, 0.348, 0.242, 0.254, 0.158, 0.237, 0.237, 0.234, 
    0.229, 0.239, 0.166, 0.146, 0.97, 0.973, 0.991, 0.981, 0.93, 
    0.901, 0.893, 0.884, 0.882, 0.847, 0.867, 0.864, 0.836, 0.832, 
    0.85, 0.862, 0.801, 0.796, 0.771, 0.769, 0.787, 0.876, 0.869, 
    0.867, 0.909, 0.932, 0.897, 0.998, 0.999, 0.997, 0.996, 0.973, 
    0.96, 0.964, 0.967, 0.719, 0.914, 0.914, 0.912, 0.922, 0.922, 
    0.96, 0.993, 0.993, 0.992, 0.988, 0.986, 0.977, 0.977, 0.98, 
    0.976, 0.976, 0.974, 0.943, 0.942, 0.979, 0.917, 0.924, 0.92, 
    0.89, 0.903, 0.933, 0.917, 0.922, 0.926, 0.926, 0.912, 0.91, 
    0.926, 0.906, 0.894, 0.86, 0.832, 0.848, 0.849, 0.897, 0.858, 
    0.586, 0.598, 0.62, 0.641, 0.649, 0.59, 0.598, 0.548, 0.543, 
    0.522, 0.527, 0.566, 0.581, 0.612, 0.688, 0.702, 0.714, 0.688, 
    0.661, 0.63, 0.629, 0.633, 0.517, 0.463, 0.461, 0.459, 0.481, 
    0.483, 0.493, 0.483, 0.504, 0.688, 0.69, 0.634, 0.656, 0.674, 
    0.679, 0.671, 0.676, 0.66, 0.636, 0.637, 0.628, 0.64, 0.654, 
    0.594, 0.569, 0.621, 0.617, 0.627, 0.634, 0.621, 0.543, 0.532, 
    0.543, 0.552, 0.519, 0.482, 0.43, 0.44, 0.577, 0.56, 0.646, 
    0.56, 0.554, 0.508, 0.552, 0.528, 0.512, 0.513, 0.513, 0.49, 
    0.363, 0.392, 0.263, 0.266, 0.262, 0.266, 0.207, 0.187, 0.184, 
    0.154, 0.147, 0.156, 0.562, 0.04, 0.074, 0.078, 0.066, 0.08, 
    0.097, 0.103, 0.11, 0.104, 0.093, 0.066, 0.074, 0.044, 0.014, 
    0.007, 0.05, 0.067, 0.072, 0.092, 0.12, 0.12, 0.061, 0.139, 
    0.141, 0.091, 0.151, 0.159, 0.119, 0.157, 0.174, 0.162, 0.128, 
    0.046, 0.159, 0.143, 0.112, 0.168, 0.172, 0.189, 0.193, 0.188, 
    0.189, 0.184, 0.201, 0.173, 0.179, 0.188, 0.192, 0.221, 0.232, 
    0.232, 0.216, 0.11, 0.11, 0.231, 0.266, 0.212, 0.252, 0.248, 
    0.283, 0.369, 0.31, 0.313, 0.303, 0.309, 0.302, 0.347, 0.381, 
    0.387, 0.388, 0.4, 0.236, 0.373, 0.351, 0.387, 0.301, 0.331, 
    0.929, 0.95, 0.964, 0.961, 0.241, 0.307, 0.317, 0.14, 0.287, 
    0.403, 0.408, 0.54, 0.711, 0.712, 0.822, 0.801, 0.764, 0.737, 
    0.714, 0.572, 0.548, 0.762, 0.974, 0.837, 0.97, 0.939, 0.883, 
    0.988, 0.986, 0.986, 0.269, 0.429, 0.427, 0.469, 0.47, 0.362, 
    0.339, 0.239, 0.261, 0.964, 0.88, 0.92, 0.992, 0.996, 0.977, 
    0.892, 0.718, 0.631, 0.634, 0.49, 0.488, 0.637, 0.559, 0.364, 
    0.394, 0.273, 0.153, 0.09, 0.178, 0.253, 0.526, 0.677, 0.777, 
    0.837, 0.933, 0.686, 0.691, 0.69, 0.761, 0.752, 0.732, 0.817, 
    0.964, 0.173, 0.516, 0.207, 0.28, 0.317, 0.403),