"cells" <-
structure(list(window = structure(list(type = "rectangle", xrange = c(0, 
1), yrange = c(0, 1)), .Names = c("type", "xrange", "yrange"), class = "owin"), 
    n = 42, x = c(0.35, 0.487, 0.637, 0.775, 0.825, 0.087, 0.237, 
    0.4, 0.575, 0.737, 0.062, 0.212, 0.325, 0.45, 0.65, 0.9, 
    0.337, 0.462, 0.6, 0.8, 0.938, 0.15, 0.35, 0.562, 0.725, 
    0.862, 0.987, 0.062, 0.175, 0.337, 0.462, 0.525, 0.737, 0.862, 
    0.237, 0.637, 0.775, 0.9, 0.175, 0.35, 0.462, 0.625), y = c(0.025, 
    0.087, 0.05, 0.025, 0.125, 0.187, 0.15, 0.162, 0.212, 0.237, 
    0.362, 0.337, 0.287, 0.287, 0.362, 0.262, 0.462, 0.425, 0.475, 
    0.387, 0.4, 0.5, 0.6, 0.575, 0.512, 0.525, 0.512, 0.75, 0.65, 
    0.75, 0.75, 0.65, 0.687, 0.637, 0.787, 0.812, 0.85, 0.775, 
    0.912, 0.962, 0.9, 0.95)), .Names = c("window", "n", "x", 
"y"), class = "ppp")
