"demopat" <-
structure(list(window = structure(list(type = "polygonal", xrange = c(525, 
10575), yrange = c(450, 7125), bdry = list(structure(list(x = c(1650, 
1350, 525, 1125, 1200, 1875, 2100, 1800, 1725, 600, 1050, 600, 
3000, 4800, 3975, 4275, 6075, 6300, 5325, 5550, 6450, 6375, 9825, 
10425, 10350, 9975, 10125, 10575, 9600, 4500, 3150, 2550),
y = c(6900, 6975, 4275, 4200, 5175, 5250, 3075, 2925, 3375, 
2400, 1575, 525, 450, 525, 1050, 2175, 2100, 1500, 1575, 1200, 
1050, 450, 600, 2400, 4125, 4425, 5100, 5325, 6825, 6525, 7125, 
6375)), .Names = c("x", "y")), structure(list(x = c(4500, 
4800, 4875, 5325, 6150, 6975, 7425, 6525, 5250, 3900, 3525, 3375),
y = c(5100, 5175, 5175, 5250, 5250, 5100, 4275, 3600, 
3675, 3825, 4350, 4875)), .Names = c("x", "y")))), .Names = c("type", 
"xrange", "yrange", "bdry"), class = "owin"), n = 112, x = c(7893, 
5953, 4746, 8161, 5291, 9156, 6163, 4003, 9737, 8473, 7710, 3794, 
7329, 10128, 3411, 4976, 3981, 8054, 3098, 10133, 6464, 9487, 
9687, 3279, 8458, 6996, 8905, 2117, 3812, 6775, 2429, 2007, 8331, 
9634, 9075, 2094, 9255, 8648, 7612, 7349, 7440, 4970, 9466, 9347, 
2117, 7039, 2760, 8178, 4277, 9654, 6570, 4305, 9837, 9135, 6325, 
8841, 4327, 9112, 7317, 9542, 9537, 9055, 9269, 9350, 6389, 2672, 
2432, 8136, 9877, 10140, 7548, 9119, 3281, 2915, 6118, 9616, 
7546, 9497, 6010, 6654, 8622, 8963, 8163, 9370, 6595, 4584, 9257, 
1302, 7297, 9377, 10088, 4016, 6230, 9577, 9232, 8227, 4492, 
3747, 9256, 10370, 9533, 8550, 8721, 8742, 8826, 9256, 7673, 
10085, 9070, 9539, 4226, 8860), y = c(1522, 6584, 6036, 3004, 
3227, 887, 6367, 6500, 3642, 1373, 5106, 1365, 657, 5525, 1724, 
2765, 1311, 1423, 3321, 2011, 3003, 3413, 5456, 5665, 2285, 3889, 
6159, 3022, 5469, 900, 4042, 2980, 4441, 657, 2696, 1536, 1682, 
6207, 2348, 5013, 1232, 2148, 4784, 5882, 4520, 1636, 5998, 2195, 
3170, 895, 5176, 6260, 1321, 6773, 6368, 3351, 5370, 5935, 4080, 
2267, 4334, 4881, 5767, 1480, 1994, 1118, 689, 3585, 4311, 5567, 
1510, 742, 1385, 6240, 6517, 5874, 1462, 6410, 3605, 5982, 5808, 
1342, 5926, 3350, 2228, 6385, 5066, 5391, 3351, 3375, 3836, 2495, 
3595, 2350, 3420, 3488, 5186, 5024, 5491, 2982, 829, 1408, 4695, 
2187, 2384, 5989, 3629, 1568, 2749, 909, 882, 1945), marks = structure(c(1, 
1, 2, 2, 1, 2, 2, 2, 1, 1, 1, 2, 1, 1, 2, 2, 1, 1, 1, 2, 2, 1, 
1, 1, 1, 2, 2, 2, 1, 1, 2, 2, 2, 2, 2, 1, 1, 2, 1, 1, 2, 2, 1, 
1, 2, 2, 2, 2, 1, 2, 2, 2, 2, 2, 2, 2, 1, 1, 1, 2, 1, 2, 1, 2, 
2, 2, 2, 2, 1, 2, 2, 1, 1, 2, 2, 2, 2, 2, 1, 2, 2, 1, 1, 2, 1, 
2, 2, 2, 1, 2, 1, 2, 2, 2, 2, 2, 1, 1, 2, 1, 2, 2, 2, 2, 2, 1, 
1, 1, 2, 1, 2, 2), .Label = c("A", "B"), class = "factor")), .Names = c("window", 
"n", "x", "y", "marks"), class = "ppp")
