"hamster" <-
structure(list(window = structure(list(type = "rectangle", xrange = c(0, 
1), yrange = c(0, 1)), .Names = c("type", "xrange", "yrange"), class = "owin"), 
    n = 303, x = c(0.024, 0.043, 0.103, 0.107, 0.13, 0.132, 0.166, 
    0.166, 0.285, 0.204, 0.036, 0.047, 0.081, 0.19, 0.202, 0.213, 
    0.227, 0.269, 0.008, 0.036, 0.043, 0.059, 0.245, 0.257, 0.261, 
    0.294, 0.385, 0.411, 0.431, 0.455, 0.49, 0.431, 0.455, 0.468, 
    0.48, 0.486, 0.502, 0.431, 0.478, 0.504, 0.504, 0.536, 0.565, 
    0.609, 0.617, 0.636, 0.672, 0.727, 0.763, 0.771, 0.775, 0.818, 
    0.84, 0.84, 0.921, 0.982, 0.543, 0.601, 0.648, 0.666, 0.779, 
    0.842, 0.852, 0.949, 0.581, 0.672, 0.706, 0.763, 0.767, 0.779, 
    0.818, 0.838, 0.885, 0.949, 0.014, 0.051, 0.057, 0.154, 0.178, 
    0.285, 0.356, 0.482, 0.53, 0.585, 0.648, 0.66, 0.704, 0.739, 
    0.846, 0.85, 0.917, 0.921, 0.974, 0.974, 0.99, 0.036, 0.036, 
    0.103, 0.144, 0.17, 0.575, 0.595, 0.652, 0.751, 0.773, 0.838, 
    0.858, 0.889, 0.931, 0.931, 0.937, 0.972, 0.051, 0.065, 0.083, 
    0.117, 0.237, 0.243, 0.259, 0.302, 0.302, 0.304, 0.32, 0.326, 
    0.368, 0.431, 0.462, 0.5, 0.551, 0.652, 0.662, 0.767, 0.806, 
    0.826, 0.874, 0.006, 0.028, 0.233, 0.304, 0.405, 0.425, 0.435, 
    0.51, 0.534, 0.634, 0.656, 0.672, 0.727, 0.931, 0.968, 0.022, 
    0.063, 0.103, 0.273, 0.324, 0.346, 0.375, 0.381, 0.435, 0.437, 
    0.557, 0.595, 0.652, 0.822, 0.85, 0.885, 0.953, 0.004, 0.02, 
    0.071, 0.109, 0.113, 0.134, 0.152, 0.162, 0.202, 0.225, 0.257, 
    0.3, 0.328, 0.356, 0.409, 0.437, 0.447, 0.455, 0.488, 0.51, 
    0.526, 0.557, 0.617, 0.642, 0.652, 0.751, 0.82, 0.862, 0.903, 
    0.907, 0.923, 0.043, 0.051, 0.089, 0.089, 0.164, 0.184, 0.204, 
    0.249, 0.281, 0.281, 0.287, 0.411, 0.449, 0.494, 0.508, 0.518, 
    0.542, 0.648, 0.711, 0.755, 0.83, 0.858, 0.273, 0.356, 0.494, 
    0.561, 0.939, 0.46, 0.077, 0.324, 0.332, 0.354, 0.366, 0.534, 
    0.561, 0.648, 0.739, 0.943, 0.012, 0.326, 0.344, 0.715, 0.852, 
    0.887, 0.905, 0.136, 0.156, 0.273, 0.312, 0.504, 0.682, 0.779, 
    0.923, 0.04, 0.073, 0.308, 0.338, 0.514, 0.652, 0.664, 0.763, 
    0.779, 0.834, 0.259, 0.514, 0.67, 0.709, 0.802, 0.899, 0.138, 
    0.202, 0.265, 0.308, 0.352, 0.451, 0.518, 0.585, 0.68, 0.729, 
    0.729, 0.109, 0.13, 0.63, 0.638, 0.638, 0.725, 0.889, 0.073, 
    0.245, 0.458, 0.484, 0.696, 0.747, 0.909, 0.945, 0.132, 0.277, 
    0.35, 0.385, 0.739, 0.765, 0.909, 0.97, 0.364, 0.98), y = c(0.071, 
    0.03, 0.097, 0.057, 0.099, 0.059, 0.026, 0.012, 0.051, 0.063, 
    0.119, 0.146, 0.168, 0.128, 0.138, 0.115, 0.174, 0.182, 0.241, 
    0.292, 0.283, 0.213, 0.294, 0.209, 0.263, 0.213, 0.206, 0.245, 
    0.213, 0.237, 0.285, 0.02, 0.457, 0.099, 0.012, 0.083, 0.047, 
    0.154, 0.132, 0.126, 0.113, 0.107, 0.146, 0.119, 0.154, 0.158, 
    0.164, 0.119, 0.172, 0.182, 0.17, 0.125, 0.119, 0.099, 0.136, 
    0.154, 0.026, 0.073, 0.028, 0.04, 0.047, 0.008, 0.047, 0.032, 
    0.267, 0.217, 0.219, 0.3, 0.209, 0.225, 0.209, 0.296, 0.219, 
    0.241, 0.328, 0.368, 0.356, 0.308, 0.322, 0.374, 0.375, 0.314, 
    0.35, 0.316, 0.352, 0.342, 0.381, 0.33, 0.383, 0.308, 0.308, 
    0.346, 0.348, 0.312, 0.332, 0.47, 0.421, 0.466, 0.494, 0.439, 
    0.455, 0.415, 0.474, 0.502, 0.486, 0.427, 0.482, 0.494, 0.427, 
    0.403, 0.417, 0.419, 0.534, 0.589, 0.573, 0.553, 0.557, 0.542, 
    0.593, 0.579, 0.551, 0.601, 0.589, 0.532, 0.518, 0.551, 0.514, 
    0.542, 0.53, 0.585, 0.577, 0.545, 0.597, 0.538, 0.549, 0.668, 
    0.648, 0.636, 0.656, 0.652, 0.68, 0.648, 0.644, 0.67, 0.609, 
    0.64, 0.652, 0.613, 0.656, 0.623, 0.708, 0.787, 0.711, 0.715, 
    0.757, 0.709, 0.8, 0.773, 0.777, 0.745, 0.771, 0.708, 0.747, 
    0.759, 0.794, 0.785, 0.763, 0.879, 0.854, 0.874, 0.8, 0.822, 
    0.822, 0.834, 0.877, 0.81, 0.852, 0.806, 0.85, 0.806, 0.903, 
    0.875, 0.905, 0.852, 0.842, 0.85, 0.905, 0.854, 0.087, 0.846, 
    0.858, 0.814, 0.893, 0.822, 0.82, 0.899, 0.854, 0.834, 0.913, 
    0.99, 0.97, 0.931, 0.933, 0.937, 0.929, 0.964, 0.935, 0.921, 
    0.988, 0.945, 0.929, 0.931, 0.998, 0.929, 0.992, 0.98, 0.951, 
    0.925, 0.986, 0.949, 0.427, 0.427, 0.409, 0.5, 0.992, 0.036, 
    0.045, 0.008, 0.018, 0.008, 0.008, 0.057, 0.045, 0.059, 0.02, 
    0.047, 0.17, 0.134, 0.154, 0.178, 0.138, 0.162, 0.107, 0.237, 
    0.235, 0.277, 0.253, 0.257, 0.275, 0.241, 0.257, 0.322, 0.372, 
    0.391, 0.362, 0.316, 0.31, 0.31, 0.322, 0.34, 0.352, 0.407, 
    0.431, 0.443, 0.47, 0.472, 0.455, 0.522, 0.575, 0.516, 0.545, 
    0.601, 0.545, 0.549, 0.561, 0.557, 0.573, 0.545, 0.656, 0.64, 
    0.686, 0.646, 0.636, 0.664, 0.609, 0.791, 0.743, 0.787, 0.751, 
    0.747, 0.713, 0.745, 0.771, 0.838, 0.818, 0.814, 0.881, 0.808, 
    0.893, 0.804, 0.877, 0.98, 0.913), marks = structure(c(1, 
    1, 1, 1, 1, 1, 1, 1, 1, 1, 1, 1, 1, 1, 1, 1, 1, 1, 1, 1, 
    1, 1, 1, 1, 1, 1, 1, 1, 1, 1, 1, 1, 1, 1, 1, 1, 1, 1, 1, 
    1, 1, 1, 1, 1, 1, 1, 1, 1, 1, 1, 1, 1, 1, 1, 1, 1, 1, 1, 
    1, 1, 1, 1, 1, 1, 1, 1, 1, 1, 1, 1, 1, 1, 1, 1, 1, 1, 1, 
    1, 1, 1, 1, 1, 1, 1, 1, 1, 1, 1, 1, 1, 1, 1, 1, 1, 1, 1, 
    1, 1, 1, 1, 1, 1, 1, 1, 1, 1, 1, 1, 1, 1, 1, 1, 1, 1, 1, 
    1, 1, 1, 1, 1, 1, 1, 1, 1, 1, 1, 1, 1, 1, 1, 1, 1, 1, 1, 
    1, 1, 1, 1, 1, 1, 1, 1, 1, 1, 1, 1, 1, 1, 1, 1, 1, 1, 1, 
    1, 1, 1, 1, 1, 1, 1, 1, 1, 1, 1, 1, 1, 1, 1, 1, 1, 1, 1, 
    1, 1, 1, 1, 1, 1, 1, 1, 1, 1, 1, 1, 1, 1, 1, 1, 1, 1, 1, 
    1, 1, 1, 1, 1, 1, 1, 1, 1, 1, 1, 1, 1, 1, 1, 1, 1, 1, 1, 
    1, 1, 1, 1, 1, 1, 1, 1, 1, 1, 1, 1, 1, 1, 1, 1, 2, 2, 2, 
    2, 2, 2, 2, 2, 2, 2, 2, 2, 2, 2, 2, 2, 2, 2, 2, 2, 2, 2, 
    2, 2, 2, 2, 2, 2, 2, 2, 2, 2, 2, 2, 2, 2, 2, 2, 2, 2, 2, 
    2, 2, 2, 2, 2, 2, 2, 2, 2, 2, 2, 2, 2, 2, 2, 2, 2, 2, 2, 
    2, 2, 2, 2, 2, 2, 2, 2, 2, 2, 2, 2, 2, 2, 2, 2, 2), .Label = c("dividing", 
    "pyknotic"), class = "factor")), .Names = c("window", "n", 
"x", "y", "marks"), class = "ppp")
