"letterR" <-
structure(list(type = "polygonal", xrange = c(2.017, 3.93), yrange = c(0.645, 
3.278), bdry = list(structure(list(x = c(2.032, 2.017, 2.017, 
2.662, 2.655, 2.835, 2.88, 2.985, 3.277, 3.93, 3.907, 3.787, 
3.697, 3.495, 3.382, 3.547, 3.697, 3.757, 3.765, 3.757, 3.742, 
3.675, 3.465, 3.285, 2.032), y = c(3.278, 3.248, 0.653, 0.653, 
1.695, 1.68, 1.65, 1.478, 0.66, 0.645, 0.705, 1.05, 1.305, 1.665, 
1.823, 1.905, 2.093, 2.258, 2.385, 2.46, 2.76, 3, 3.218, 3.278, 
3.278)), .Names = c("x", "y")), structure(list(x = c(2.647, 2.64, 
3.045, 3.12, 3.157, 3.135, 3.09, 2.977, 2.685, 2.647, 2.647), 
    y = c(2.235, 2.7, 2.708, 2.633, 2.498, 2.378, 2.303, 2.228, 
    2.235, 2.25, 2.235)), .Names = c("x", "y")))), .Names = c("type", 
"xrange", "yrange", "bdry"), class = "owin")
