"longleaf" <-
structure(list(window = structure(list(type = "rectangle", xrange = c(0, 
200), yrange = c(0, 200)), .Names = c("type", "xrange", "yrange"
), class = "owin"), n = 584, x = c(200, 199.3, 193.6, 167.7, 
183.9, 182.5, 166.1, 160.7, 162.9, 166.4, 163, 156.1, 157.6, 
154.4, 150.8, 144.6, 142.7, 144, 143.5, 123.1, 113.9, 114.9, 
101.4, 105.7, 106.9, 127, 129.8, 136.3, 106.7, 103.4, 89.7, 10.8, 
26.4, 11, 5.1, 10.1, 18.9, 28.4, 41.1, 41.2, 33.9, 40.8, 49.7, 
6.7, 11.6, 17.2, 19.4, 26.9, 39.6, 38, 19.1, 32.1, 28.4, 3.8, 
8.5, 11.2, 22.4, 23.8, 24.9, 9, 10.4, 30.9, 48.9, 49.5, 46.3, 
44.1, 48.5, 45.9, 44.2, 37, 36.3, 36.7, 35.3, 33.5, 29.3, 22.4, 
17.1, 27.3, 27.9, 48.4, 43.6, 39, 14.9, 6.1, 10.7, 22.2, 32.7, 
0.9, 93.5, 85.1, 92.8, 91.3, 95.9, 93.4, 89.6, 99.5, 100.6, 103.5, 
104.7, 104, 104.2, 105, 111.8, 112.4, 110, 120.4, 109.4, 109.7, 
113.3, 118, 126.5, 125.1, 114.2, 110.6, 147.3, 146.7, 148.1, 
138.2, 135.7, 134.9, 98, 93.5, 82.3, 79.2, 84.2, 88.8, 82.5, 
75.6, 72.9, 79.1, 50, 59.9, 60.5, 60.2, 66.5, 70.4, 70.7, 71.7, 
179.5, 186.1, 178.3, 178.6, 186.2, 185.2, 185.5, 185.8, 186.5, 
176.7, 177.7, 184, 11, 17.5, 4.3, 5.9, 1.9, 1.8, 1.1, 2.4, 4.6, 
3.1, 3.9, 4.1, 7.9, 14.8, 9.4, 15.9, 16.6, 18.2, 174.1, 173, 
174, 177.3, 177.6, 195.7, 197, 178.2, 173.8, 172.8, 162.7, 164.6, 
80.4, 71, 73, 56.7, 66.5, 67, 62.9, 61.8, 51.9, 60.9, 61, 61.7, 
57.3, 54.2, 76.1, 67.2, 81.9, 90.1, 135.3, 135, 136.2, 129.7, 
134.8, 136.9, 137, 128.9, 127.5, 127.6, 129.7, 126.6, 133.4, 
129.9, 126.5, 129.1, 134.4, 130.7, 130.9, 132, 136.8, 137.7, 
157.8, 187.1, 190.6, 185.4, 186.6, 185.9, 184.3, 188.2, 104.4, 
104.9, 101.5, 102.4, 123.4, 123.8, 127, 109.6, 112.4, 133.1, 
139.4, 140.4, 184.1, 183.5, 183, 176.1, 175.6, 173.8, 164.9, 
163, 163.2, 162.4, 161.5, 162.2, 161, 157.7, 154.9, 154.6, 152.9, 
153.2, 168.2, 151.6, 151.4, 157.6, 149.4, 149.4, 167.3, 157.4, 
181.5, 196.5, 189.9, 155.1, 154.5, 162.9, 158.4, 153.9, 156.1, 
156.5, 156.8, 159, 161, 161.3, 160.6, 161.3, 159.7, 161.7, 161.1, 
160.1, 159, 160, 160.2, 159.1, 154.7, 151.9, 151.3, 151, 150.4, 
149.6, 146.2, 146.1, 144.4, 143.3, 140.6, 143.2, 127.1, 120.7, 
115.3, 134.1, 134.6, 135.6, 128.9, 116.3, 104.3, 111.5, 100.5, 
100, 100.8, 100.9, 100.3, 101.5, 99.3, 99.2, 102, 105.4, 103.6, 
103.9, 102.6, 102, 102.1, 103.5, 102.9, 105.7, 106.6, 108.5, 
105.2, 139.7, 145.5, 146.4, 105.8, 96.7, 66.5, 55.7, 54.7, 57.1, 
61.7, 60.1, 77.7, 67.2, 80.7, 85.1, 94.7, 81.2, 81.9, 83.8, 84.8, 
82.9, 82.1, 84.3, 96.7, 92, 96.1, 78.5, 78.7, 59.5, 56.5, 64.3, 
152.7, 155.8, 161.2, 161, 162.1, 166.2, 168.7, 169.3, 57.9, 57.5, 
57.3, 56, 53.4, 53.1, 54, 54.5, 53.3, 52.1, 48, 44.2, 39.4, 42.7, 
38.1, 37.1, 37.6, 31.2, 40.1, 29.3, 23.8, 141, 140.1, 140.9, 
135, 139.3, 142, 140.4, 138.5, 28.7, 33.7, 23.1, 11.3, 18.2, 
21.5, 15.9, 15.4, 14, 6.8, 6, 1.6, 43.6, 39.4, 37.1, 23.7, 21.5, 
27.7, 32.3, 32.6, 37.7, 107.5, 107.9, 116.5, 114.5, 115.3, 115.3, 
119, 119.4, 94.7, 89.3, 90.8, 95.3, 90.9, 90.2, 90.2, 90.6, 93, 
78.4, 76.2, 75.8, 75.7, 82.7, 76.7, 74.7, 119.4, 74.2, 73.9, 
81.7, 79.5, 56.8, 62.2, 58.2, 54.1, 59.5, 58.6, 58.8, 57.9, 153.5, 
155.9, 160.4, 171.3, 182.8, 182.5, 176.3, 161.9, 199.5, 197.6, 
196.3, 195.7, 196.2, 196.3, 193.7, 191.7, 194.5, 192.7, 188.9, 
190.1, 186.9, 26.9, 17.9, 34.4, 31.9, 20.6, 14.1, 2.9, 6.4, 2.2, 
11.7, 14.2, 15.6, 13.6, 11.1, 7.2, 12.2, 23, 30.2, 27.7, 3.4, 
15.4, 16.7, 24.3, 0.4, 0, 7.9, 33.2, 36.6, 42.2, 24.5, 40.4, 
41, 43.9, 44.7, 45.6, 47.5, 51.2, 55, 58, 54.6, 58.9, 63.9, 64.3, 
65.6, 61, 63.1, 86.1, 65.8, 90, 94.3, 91.9, 86.5, 87.5, 93.9, 
92.4, 81.8, 99, 94.1, 95.4, 97.1, 79.2, 61.6, 70.3, 79.8, 110.1, 
116.1, 114, 103.2, 112.3, 110.4, 110.6, 107, 105.6, 104, 104, 
103.7, 108.6, 105.7, 102.8, 101.5, 100.4, 144.1, 138.3, 142.7, 
118.8, 142.3, 143.8, 145.3, 151.2, 153.7, 186.9, 181.2, 181.1, 
177.2, 182.8, 180, 189.1, 196.9, 171.4, 169.1, 162.5, 156.7, 
154.1, 87.7), y = c(8.8, 10, 22.4, 35.6, 45.4, 47.2, 48.8, 42.1, 
29, 33.6, 35.8, 38.7, 42.8, 36.2, 45.8, 25.4, 25.4, 28.3, 36.9, 
14.3, 13.1, 8.1, 9.3, 9.1, 14.7, 29.7, 45.8, 44.2, 49.4, 49.6, 
10.8, 0, 5.4, 5.5, 3.9, 8.5, 11.3, 11, 9.2, 12.6, 21.4, 39.8, 
18.2, 46.9, 46.9, 47.9, 50, 47.9, 47.9, 50.7, 45.2, 35, 35.5, 
44.8, 43.4, 40.2, 34.3, 33.3, 29.8, 38.9, 61.2, 52.2, 67.8, 73.8, 
80.9, 78, 94.8, 90.4, 84, 64.3, 67.7, 71.5, 78.3, 81.6, 83.8, 
84.1, 84.7, 89.4, 90.6, 99.5, 98.4, 97.3, 91.2, 96.2, 98.6, 100, 
99.1, 100, 96.2, 90.6, 61.5, 69.5, 59.7, 71.5, 86.3, 78.9, 53.1, 
72.1, 74, 67.1, 64.7, 59.8, 73.2, 69.8, 65.9, 79.2, 62.5, 62.9, 
60.4, 69.3, 69.2, 68.2, 54.6, 51.5, 73.8, 73, 86.2, 73.4, 70.7, 
72.7, 27.7, 28.7, 16.8, 25.3, 29, 35.1, 36.3, 28.1, 36.2, 43.6, 
48.8, 34.4, 13, 11.4, 15.9, 6.6, 2.2, 1.9, 92.6, 91, 92.4, 91.8, 
90.3, 89.9, 89.8, 89.1, 88.8, 92.3, 91.5, 89, 34.4, 21.9, 31.3, 
8.1, 68.5, 71, 82.5, 95.3, 94, 79.5, 72.1, 70.9, 68.7, 81.8, 
67.7, 78.7, 78.8, 80.3, 135.6, 127.4, 125.7, 121, 120.3, 144.1, 
142.5, 112.6, 112.7, 124.4, 114.6, 120.9, 90.7, 88.8, 85.6, 95.3, 
86.2, 84.7, 87.9, 89, 94.5, 71.6, 69.8, 66.2, 68.4, 76.3, 52.9, 
57.6, 58.5, 59.6, 126.6, 124, 122.1, 127, 120.2, 116.8, 116, 
124.2, 125, 121.7, 119, 121.1, 77.1, 76.1, 77.3, 83.1, 87, 90.1, 
90.7, 94.5, 96.7, 98, 99, 98.1, 92.1, 93.1, 92.2, 91.7, 92.1, 
91.2, 145.1, 145, 148.4, 148.7, 128.9, 135.1, 133.8, 145.9, 145, 
144.8, 143.1, 143.6, 88.2, 88.5, 88, 91, 90.2, 89.9, 93.7, 95.3, 
94.1, 94.5, 94.9, 94.3, 94.7, 95.7, 96.2, 92.7, 93.7, 93.2, 73, 
93, 93.4, 67.2, 63, 64.3, 54.6, 51.5, 66.1, 55.2, 85.2, 149.2, 
148.4, 119.9, 113.4, 108.3, 116, 118.9, 122.3, 126.1, 131.9, 
132.8, 132.6, 134.9, 129.8, 136.1, 136.4, 133, 133.6, 134.8, 
135.5, 136.5, 126.8, 127.5, 124.7, 127.3, 123, 124.6, 127.1, 
127.4, 131.8, 131.5, 137.7, 125.4, 119.9, 115.6, 112.6, 105.2, 
104.1, 103.3, 102.6, 106.5, 104, 100, 149.7, 145.5, 145, 143.5, 
140.8, 120.8, 110.6, 106, 137.1, 115.7, 134.2, 139.4, 141.6, 
143.3, 144.4, 141.3, 143.8, 138.2, 135.1, 133.2, 142.3, 145.8, 
148.4, 148.4, 149.8, 149.1, 150, 148.5, 146.8, 144, 145.3, 143.7, 
144.8, 139.3, 133.2, 133.5, 143.7, 125, 123.2, 123.1, 121.4, 
119.2, 116.4, 114.8, 142.6, 109, 146.6, 102.5, 103, 107.4, 105.5, 
132.1, 146.7, 145.4, 138.1, 138.1, 136.9, 132, 133.4, 133.7, 
140.7, 142.3, 141.7, 137.7, 139.3, 136, 137.7, 136.7, 137.8, 
139.3, 114.4, 129.6, 136.8, 124, 134.4, 131.9, 125.4, 127.9, 
112.2, 118.6, 114.5, 127.8, 127.3, 121.4, 132.3, 122.9, 117.2, 
117.2, 121.5, 158.8, 162.3, 160.8, 158.9, 168.2, 172.3, 168.3, 
172.8, 174.2, 179.6, 184.1, 194.9, 197.3, 195.5, 196.1, 193.9, 
187.9, 188.7, 178.9, 168.6, 176.9, 138.5, 139.5, 122.6, 127.7, 
127.4, 128.1, 127.4, 127.7, 179.8, 185, 174, 158.4, 162.1, 161.7, 
162.1, 160.8, 158, 172.4, 171.4, 171, 169.7, 163.5, 166.3, 167.1, 
170.8, 164.3, 162.7, 156.7, 156.3, 116, 137.7, 125.1, 115.5, 
138.1, 140.3, 141.5, 137.3, 159.9, 183.7, 176.6, 185.1, 187.4, 
196, 197.7, 199.4, 179.4, 176.9, 192.4, 180.5, 177.1, 176, 185.8, 
189.2, 173.8, 177.3, 182.1, 174.4, 179.4, 111.3, 111, 104.2, 
103.2, 101.5, 103.1, 122.8, 125.9, 142.2, 116.2, 116.5, 118.1, 
127.4, 134.8, 141.7, 140.1, 132.7, 133.9, 136.5, 148.8, 145.6, 
146.4, 145.7, 175.2, 177.5, 151, 151.2, 150.6, 153.7, 153.4, 
179.3, 176.6, 182.2, 184.6, 175.2, 175.9, 177.9, 159.3, 180.3, 
188.7, 180, 178.6, 178.9, 179.3, 184.9, 183.3, 186.9, 194.9, 
195.1, 196.1, 197.1, 197.4, 199.3, 199.2, 199.3, 198.9, 158.1, 
187.2, 182.9, 168.4, 155.6, 158.2, 153.1, 151.8, 150.4, 156.8, 
165.1, 154.4, 167, 167.3, 166.4, 165, 160.6, 162.4, 166.1, 167.2, 
182.1, 182.6, 169.7, 171.8, 170.5, 199, 197.9, 197.2, 188, 173.3, 
156, 155.6, 192.2, 176.5, 174.7, 176.9, 176.1, 174.5, 162.9, 
160.2, 156.3, 151.4, 161.6, 160, 157.3, 155.3, 150.8, 200),