"nztrees" <-
structure(list(window = structure(list(type = "rectangle", xrange = c(0, 
153), yrange = c(0, 95)), .Names = c("type", "xrange", "yrange"
), class = "owin"), n = 86, x = c(1, 1, 1, 2, 3, 5, 6, 14, 14, 
17, 17, 19, 20, 26, 28, 29, 30, 32, 33, 33, 39, 41, 42, 43, 43, 
46, 50, 50, 53, 52, 55, 56, 56, 61, 61, 65, 66, 70, 75, 75, 79, 
83, 90, 90, 91, 91, 92, 94, 96, 104, 104, 106, 108, 109, 110, 
112, 113, 116, 117, 116, 117, 118, 120, 123, 122, 124, 125, 127, 
129, 129, 126, 137, 141, 143, 143, 143, 147, 148, 150, 150, 150, 
150, 150, 150, 150, 150), y = c(20, 42, 72, 67, 22, 16, 32, 3, 
54, 3, 33, 35, 9, 37, 53, 29, 43, 88, 85, 15, 59, 71, 6, 3, 0, 
86, 63, 65, 63, 9, 21, 10, 48, 53, 56, 85, 58, 22, 51, 81, 10, 
55, 44, 46, 52, 71, 88, 12, 43, 15, 18, 47, 52, 84, 14, 38, 86, 
43, 48, 71, 69, 55, 47, 49, 20, 64, 88, 28, 21, 38, 7, 92, 52, 
70, 81, 89, 87, 91, 7, 14, 23, 33, 44, 62, 78, 92)), .Names = c("window", 
"n", "x", "y"), class = "ppp")
