"redwoodfull" <-
structure(list(window = structure(list(type = "rectangle", xrange = c(0, 
1), yrange = c(0, 1)), .Names = c("type", "xrange", "yrange"), class = "owin"), 
    n = 195, x = c(0.931481481481481, 0.938888888888889, 0.935185185185185, 
    0.97962962962963, 0.787037037037037, 0.842592592592593, 0.938888888888889, 
    0.735185185185185, 0.731481481481482, 0.831481481481481, 
    0.833333333333333, 0.931481481481481, 0.938888888888889, 
    0.598148148148148, 0.783333333333333, 0.907407407407407, 
    0.725925925925926, 0.594444444444444, 0.661111111111111, 
    0.874074074074074, 0.888888888888889, 0.661111111111111, 
    0.814814814814815, 0.587037037037037, 0.97962962962963, 0.966666666666667, 
    0.725925925925926, 0.788888888888889, 0.653703703703704, 
    0.598148148148148, 0.942592592592593, 0.725925925925926, 
    0.785185185185185, 0.546296296296296, 0.709259259259259, 
    0.903703703703704, 0.77962962962963, 0.777777777777778, 0.462962962962963, 
    0.47037037037037, 0.748148148148148, 0.888888888888889, 0.57962962962963, 
    0.951851851851852, 0.657407407407407, 0.674074074074074, 
    0.744444444444444, 0.72962962962963, 0.72037037037037, 0.67962962962963, 
    0.544444444444445, 0.911111111111111, 0.844444444444444, 
    0.42962962962963, 0.435185185185185, 0.559259259259259, 0.90925925925926, 
    0.966666666666667, 0.485185185185185, 0.827777777777778, 
    0.711111111111111, 0.888888888888889, 0.624074074074074, 
    0.887037037037037, 0.761111111111111, 0.898148148148148, 
    0.411111111111111, 0.972222222222222, 0.357407407407407, 
    0.953703703703704, 0.459259259259259, 0.827777777777778, 
    0.831481481481481, 0.848148148148148, 0.711111111111111, 
    0.866666666666667, 0.711111111111111, 0.718518518518519, 
    0.0388888888888889, 0.716666666666667, 0.8, 0.612962962962963, 
    0.711111111111111, 0.764814814814815, 0.740740740740741, 
    0.792592592592593, 0.162962962962963, 0.707407407407407, 
    0.755555555555556, 0.237037037037037, 0.768518518518519, 
    0.674074074074074, 0.655555555555556, 0.711111111111111, 
    0.140740740740741, 0.694444444444444, 0.681481481481481, 
    0.138888888888889, 0.657407407407407, 0.677777777777778, 
    0.155555555555556, 0.390740740740741, 0.474074074074074, 
    0.398148148148148, 0.218518518518519, 0.122222222222222, 
    0.205555555555556, 0.264814814814815, 0.296296296296296, 
    0.303703703703704, 0.312962962962963, 0.25, 0.637037037037037, 
    0.272222222222222, 0.731481481481482, 0.625925925925926, 
    0.311111111111111, 0.062962962962963, 0.594444444444444, 
    0.618518518518519, 0.601851851851852, 0.222222222222222, 
    0.627777777777778, 0.235185185185185, 0.598148148148148, 
    0.281481481481481, 0.218518518518519, 0.248148148148148, 
    0.231481481481481, 0.475925925925926, 0.538888888888889, 
    0.198148148148148, 0.277777777777778, 0.531481481481482, 
    0.205555555555556, 0.52037037037037, 0.185185185185185, 0.177777777777778, 
    0.403703703703704, 0.475925925925926, 0.407407407407407, 
    0.233333333333333, 0.187037037037037, 0.411111111111111, 
    0.431481481481482, 0.220370370370370, 0.437037037037037, 
    0.242592592592593, 0.383333333333333, 0.237037037037037, 
    0.370370370370370, 0.42962962962963, 0.383333333333333, 0.407407407407407, 
    0.427777777777778, 0.331481481481481, 0.342592592592593, 
    0.335185185185185, 0.316666666666667, 0.325925925925926, 
    0.292592592592593, 0.303703703703704, 0.316666666666667, 
    0.0851851851851852, 0.0796296296296296, 0.0925925925925926, 
    0.114814814814815, 0.116666666666667, 0.0944444444444444, 
    0.1, 0.0888888888888889, 0.087037037037037, 0.248148148148148, 
    0.0592592592592593, 0.0444444444444444, 0.075925925925926, 
    0.281481481481481, 0.244444444444444, 0.0555555555555556, 
    0.268518518518519, 0.251851851851852, 0.231481481481481, 
    0.125925925925926, 0.237037037037037, 0.214814814814815, 
    0.231481481481481, 0.101851851851852, 0.207407407407407, 
    0.229629629629630, 0.101851851851852, 0.161111111111111, 
    0.174074074074074, 0.125925925925926, 0.138888888888889, 
    0.190740740740741),