"simdat" <-
structure(list(window = structure(list(type = "rectangle", xrange = c(0, 
10), yrange = c(0, 10)), .Names = c("type", "xrange", "yrange"
), class = "owin"), n = 197, x = c(5.99, 0.87, 7.07, 2.2, 4.4, 
5.05, 2.89, 0.93, 5.17, 3.53, 2.33, 6.99, 7.75, 4.62, 2.53, 3.43, 
7.37, 6.92, 0.44, 6.08, 5.74, 1.58, 9.39, 0.94, 6.08, 2.75, 3.83, 
7.59, 4.34, 2.79, 8.23, 3.65, 1.49, 1.48, 6.92, 1.9, 3.13, 4.84, 
6.69, 8.76, 8.41, 4.84, 4.57, 5.83, 0.23, 3.54, 9.91, 6.43, 7.65, 
6.16, 7.27, 1.49, 8.41, 3.32, 8.1, 8.15, 2.53, 7.85, 9.1, 6.59, 
2.08, 4.38, 8.76, 8, 4.33, 7.07, 4.7, 4.87, 4.05, 5.59, 3.43, 
5.24, 3.98, 1.64, 1.2, 4.96, 4.2, 3.04, 3.1, 6.05, 9.89, 5.37, 
5.3, 1.71, 1.38, 9.18, 6.61, 2.07, 6.09, 2.12, 4.34, 2.4, 3.51, 
0.22, 6.63, 4.33, 8.65, 6.91, 3.06, 3.52, 8.6, 0.17, 2.86, 4.76, 
7.19, 5.02, 1.71, 9.58, 3.33, 9.7, 6.29, 3.07, 7.09, 7.4, 4.17, 
3.79, 5.38, 6.16, 0.34, 8.73, 2.71, 4.32, 7.76, 8.24, 9.61, 6.94, 
4.44, 1.93, 7.31, 3.84, 5.45, 6.06, 5.46, 5.98, 3.26, 5.97, 2.87, 
5.24, 2.2, 0.92, 9.76, 5.85, 9.55, 6.98, 8.38, 5.75, 8.96, 7.01, 
3.27, 2.11, 2.54, 0.96, 2.39, 8.42, 9.79, 6.6, 2.73, 5.52, 2.42, 
6.46, 5.02, 5.13, 5.86, 0.04, 4.14, 7.87, 0.2, 4, 6.06, 0.68, 
9.05, 0.15, 1.19, 6.89, 5.15, 0.29, 5.15, 7.52, 6.3, 2.97, 4.62, 
8.78, 3.26, 7.08, 3.26, 3.53, 6.66, 3.7, 9.28, 6.09, 8.42, 5.56, 
4.16, 1.47, 4.21, 3.16, 2.44), y = c(9.3, 5.27, 8.28, 7.11, 3.68, 
6.51, 8.6, 9.96, 9.79, 1.71, 5.64, 9.18, 5.72, 9.11, 0.91, 0.87, 
8.6, 9.02, 2.6, 1.38, 9.9, 0.83, 1.07, 3.59, 6.24, 1.99, 9.84, 
1.55, 1.12, 7.79, 4.94, 4.2, 3.76, 6.22, 2.89, 8.83, 5.86, 4.45, 
9.14, 3.77, 5.76, 1.66, 8.89, 8.31, 7.26, 7.58, 0.33, 1.37, 3.61, 
5.02, 9.96, 0.21, 0.59, 4.64, 9.23, 2.36, 6.88, 3.75, 6.81, 8.28, 
9.54, 0.91, 4.56, 7.83, 1.9, 3.66, 8.12, 2.82, 2.76, 7.01, 7.16, 
0.84, 1.15, 8.3, 9.98, 8.78, 7.33, 9.66, 9.08, 1.05, 2.26, 5.35, 
4.83, 3.05, 8.74, 9.52, 4.11, 7.64, 8.52, 7.55, 7.97, 9.51, 5.44, 
6.78, 2.68, 5.79, 7.56, 6.11, 0.63, 9.87, 2.9, 3.59, 4.19, 7.01, 
9.27, 2.26, 0.65, 2.59, 6.87, 6.17, 4.29, 6.16, 6.16, 6.41, 2.54, 
2.33, 0.54, 3.54, 8.77, 8.36, 5.61, 6.46, 6.53, 2.07, 9.01, 6.52, 
0.46, 9.04, 1.4, 2.76, 1.19, 5.64, 0.67, 9.08, 1.96, 1.66, 0.26, 
9.38, 8.24, 0.45, 0.76, 5.94, 7.55, 5.64, 6.28, 0.63, 7.06, 1.49, 
7.7, 9.23, 8.37, 8.9, 6.36, 7.47, 3.38, 2.92, 5.97, 7.26, 8.77, 
6.04, 4, 4.47, 5.09, 1.19, 8.23, 9.85, 2.05, 4.52, 7.46, 2.05, 
1.21, 3.37, 5.66, 2.47, 2.65, 3.79, 6.94, 6.84, 0.75, 7.43, 7.03, 
0.17, 4.01, 1.01, 7.38, 5.12, 0.39, 7.45, 0.08, 2.38, 7.06, 3.05, 
6.97, 2.74, 1.24, 5.15, 1.93)), .Names = c("window", "n", "x", 
"y"), class = "ppp")
