"swedishpines" <-
structure(list(window = structure(list(type = "rectangle", xrange = c(0, 
96), yrange = c(0, 100)), .Names = c("type", "xrange", "yrange"
), class = "owin"), n = 71, x = c(1, 1, 2, 2, 7, 9, 11, 13, 14, 
16, 17, 17, 20, 21, 23, 24, 25, 26, 27, 28, 28, 33, 33, 36, 37, 
39, 39, 39, 41, 45, 48, 49, 52, 52, 53, 53, 56, 58, 59, 60, 61, 
61, 61, 63, 65, 66, 66, 69, 72, 72, 73, 74, 74, 75, 76, 79, 81, 
82, 83, 84, 85, 86, 87, 92, 92, 93, 94, 94, 95, 95, 95), y = c(99, 
72, 62, 84, 45, 75, 85, 63, 16, 54, 26, 41, 2, 80, 87, 11, 70, 
57, 54, 42, 26, 52, 63, 59, 80, 34, 47, 91, 17, 23, 53, 63, 43, 
75, 98, 13, 78, 18, 68, 55, 43, 32, 25, 41, 81, 89, 16, 4, 52, 
60, 42, 36, 54, 93, 17, 85, 45, 67, 10, 32, 20, 9, 87, 60, 81, 
8, 10, 26, 23, 46, 62)), .Names = c("window", "n", "x", "y"), class = "ppp")
